origin: 0 0 0
N: 64 64 64
L: 6.2831853072 6.2831853072 6.2831853072
